feature	metadata	value	coef	stderr	N	N.not.0	pval	qval
k__Bacteria.p__Proteobacteria.c__Gammaproteobacteria.o__Enterobacterales.f__Enterobacteriaceae.g__Escherichia.Shigella	Type	Mucosal	3.24189532523211	0.244916413544494	261	236	9.73816567569381e-30	8.41377514379945e-27
k__Bacteria.p__Bacteroidota.c__Bacteroidia.o__Bacteroidales.f__Rikenellaceae.g__Alistipes	Type	Mucosal	-1.38250753321484	0.124415131437919	261	182	5.86401204428144e-23	2.53325320312958e-20
k__Bacteria.p__Proteobacteria.c__Gammaproteobacteria.o__Burkholderiales.f__Alcaligenaceae.g__Bordetella	Sequencing_Run	April_2017	4.52771038570187	0.498291655317768	261	10	4.36611002732305e-17	1.25743968786904e-14
k__Bacteria.p__Firmicutes.c__Bacilli.o__Erysipelotrichales.f__Erysipelatoclostridiaceae.g__Erysipelatoclostridium	Type	Mucosal	1.27771947361968	0.145038968243671	261	164	5.5730404915726e-16	1.20377674617968e-13
k__Bacteria.p__Proteobacteria.c__Gammaproteobacteria.o__Enterobacterales.f__Enterobacteriaceae.g__Citrobacter	Sequencing_Run	May_2018	5.55205934559201	0.458053367211954	261	45	9.23957265277287e-16	1.59659815439915e-13
k__Bacteria.p__Bacteroidota.c__Bacteroidia.o__Bacteroidales.f__Bacteroidaceae.g__Bacteroides	Type	Mucosal	-1.12517288079309	0.134236805401783	261	261	6.51871186422013e-15	9.38694508447699e-13
k__Bacteria.p__Firmicutes.c__Bacilli.o__Erysipelotrichales.f__Erysipelotrichaceae.g__Holdemania	Type	Mucosal	0.518443760092181	0.0629187330454396	261	152	1.67939842910281e-14	2.07285748963546e-12
k__Bacteria.p__Firmicutes.c__Clostridia.o__Lachnospirales.f__Lachnospiraceae.g__Hungatella	Type	Mucosal	1.19714828129293	0.148611712180654	261	247	5.36828257199968e-14	5.79774517775965e-12
k__Bacteria.p__Firmicutes.c__Clostridia.o__Oscillospirales.f__Ruminococcaceae.g__Fournierella	Type	Mucosal	-0.524202151071066	0.069771906121271	261	102	1.5076903954632e-12	1.44738277964467e-10
k__Bacteria.p__Firmicutes.c__Negativicutes.o__Acidaminococcales.f__Acidaminococcaceae.g__Phascolarctobacterium	Sequencing_Run	April_2017	4.92145164982671	0.658890870735169	261	23	1.77311255373804e-12	1.53196924642966e-10
k__Bacteria.p__Firmicutes.c__Clostridia.o__Oscillospirales.f__Oscillospiraceae.g__Intestinimonas	Type	Mucosal	-0.704368640977381	0.097101198436791	261	204	7.44071631820088e-12	5.84434445356869e-10
k__Bacteria.p__Firmicutes.c__Clostridia.o__Oscillospirales.f__Oscillospiraceae.g__Colidextribacter	Type	Mucosal	-0.588521687594679	0.0847931019613085	261	190	4.53254805092464e-11	3.26343459666574e-09
k__Bacteria.p__Firmicutes.c__Clostridia.o__Oscillospirales.f__Ruminococcaceae.g__UBA1819	Type	Mucosal	-0.70170586471619	0.103578054712305	261	202	1.1504843138163e-10	7.64629574720984e-09
k__Bacteria.p__Firmicutes.c__Clostridia.o__Lachnospirales.f__Lachnospiraceae.g__GCA.900066755	Sex	Male	2.36320443917447	0.27976877339233	261	77	1.60528976138861e-10	9.90693109885544e-09
k__Bacteria.p__Firmicutes.c__Bacilli.o__Erysipelotrichales.f__Erysipelatoclostridiaceae.g__Coprobacillus	Type	Mucosal	0.452831270850708	0.0700453083841271	261	101	6.84745473803159e-10	3.9441339291062e-08
k__Bacteria.p__Firmicutes.c__Clostridia.o__Christensenellales.f__Christensenellaceae.g__Catabacter	Type	Mucosal	-0.455084398841863	0.0713066064132768	261	29	1.04985467070813e-09	5.6692152218239e-08
k__Bacteria.p__Firmicutes.c__Clostridia.o__Lachnospirales.f__Lachnospiraceae.g__	Sex	Male	-2.95633299854493	0.388481798347101	261	180	2.22180923848382e-09	1.12920187179413e-07
k__Bacteria.p__Firmicutes.c__Clostridia.o__Lachnospirales.f__Lachnospiraceae.g__	Sequencing_Run	Oct_2017	-3.92467922280931	0.519587424654185	261	180	3.76853631118397e-09	1.80113337961296e-07
k__Bacteria.p__Bacteroidota.c__Bacteroidia.o__Bacteroidales.f__Marinifilaceae.g__Odoribacter	Type	Mucosal	-0.545357591438579	0.0888132483380053	261	83	3.96082571905628e-09	1.80113337961296e-07
k__Bacteria.p__Firmicutes.c__Clostridia.o__Lachnospirales.f__Lachnospiraceae.g__.Eubacterium..fissicatena.group	Sequencing_Run	Dec_2018	-2.54967335169157	0.340908841969431	261	131	5.08268753990578e-09	2.1957210172393e-07
k__Bacteria.p__Proteobacteria.c__Gammaproteobacteria.o__Burkholderiales.f__Burkholderiaceae.g__Burkholderia.Caballeronia.Paraburkholderia	Sequencing_Run	April_2017	3.31584906531204	0.553320557099348	261	7	7.49930447710875e-09	3.08542812772474e-07
k__Bacteria.p__Firmicutes.c__Bacilli.o__Staphylococcales.f__Staphylococcaceae.g__Staphylococcus	Type	Mucosal	0.522615853031063	0.0871417896803612	261	19	8.29182584788809e-09	3.2564261511706e-07
k__Bacteria.p__Firmicutes.c__Clostridia.o__Monoglobales.f__Monoglobaceae.g__Monoglobus	Type	Mucosal	-0.552959614440015	0.0923319156916399	261	91	8.71352130492075e-09	3.2732532206311e-07
k__Bacteria.p__Bacteroidota.c__Bacteroidia.o__Bacteroidales.f__Tannerellaceae.g__Parabacteroides	Sequencing_Run	Dec_2018	8.36189128394451	1.19241505559051	261	186	2.58461638647007e-08	9.30461899129225e-07
k__Bacteria.p__Firmicutes.c__Clostridia.o__Oscillospirales.f__Oscillospiraceae.g__Colidextribacter	Sequencing_Run	Dec_2018	-2.55280629647768	0.363261487673804	261	190	2.81812569422218e-08	9.73944239923185e-07
k__Bacteria.p__Firmicutes.c__Clostridia.o__Oscillospirales.f__Oscillospiraceae.g__Oscillibacter	Type	Mucosal	-0.632515841960551	0.11021718640731	261	221	3.180147465502e-08	1.05678746545913e-06
k__Bacteria.p__Firmicutes.c__Clostridia.o__Lachnospirales.f__Lachnospiraceae.g__.Eubacterium..eligens.group	Type	Mucosal	-0.513608060533862	0.0896130822215653	261	60	3.33410422241015e-08	1.06691335117125e-06
k__Bacteria.p__Firmicutes.c__Bacilli.o__Erysipelotrichales.f__Erysipelotrichaceae.g__Holdemania	Sequencing_Run	Oct_2017	-3.73207963928361	0.545329430915372	261	152	3.68513528986987e-08	1.13712746087413e-06
k__Bacteria.p__Firmicutes.c__Clostridia.o__Lachnospirales.f__Lachnospiraceae.g__.Ruminococcus..torques.group	Type	Mucosal	-0.706220855197375	0.124285949122901	261	130	4.27648839730719e-08	1.27409861216324e-06
k__Bacteria.p__Firmicutes.c__Clostridia.o__Lachnospirales.f__Lachnospiraceae.g__.Eubacterium..fissicatena.group	Sequencing_Run	Dec_2017	-1.96340338843005	0.304515693862133	261	131	7.63700010556102e-08	2.19945603040157e-06
k__Bacteria.p__Firmicutes.c__Clostridia.o__.f__.g__	Type	Mucosal	-0.372508174434614	0.0669303362046956	261	38	8.08826504084124e-08	2.25427774041511e-06
k__Bacteria.p__Firmicutes.c__Clostridia.o__Lachnospirales.f__Lachnospiraceae.g__Lachnospiraceae.NK4A136.group	Type	Mucosal	0.872386922560326	0.159862476154214	261	178	1.3325603615656e-07	3.59791297622711e-06
k__Bacteria.p__Firmicutes.c__Clostridia.o__Oscillospirales.f__Ruminococcaceae.g__Ruminococcus	Type	Mucosal	-0.531093953497501	0.0982151543491041	261	91	1.68523099766499e-07	4.41224115752288e-06
k__Bacteria.p__Firmicutes.c__Clostridia.o__Lachnospirales.f__Lachnospiraceae.g__.Eubacterium..fissicatena.group	Sequencing_Run	May_2018	-2.00960805173604	0.333655860935609	261	131	1.88252206035175e-07	4.78382076512915e-06
k__Bacteria.p__Proteobacteria.c__Gammaproteobacteria.o__Enterobacterales.f__Enterobacteriaceae.g__Citrobacter	Type	Mucosal	1.12139881782065	0.217996695006798	261	45	6.01873149335237e-07	1.48576686007327e-05
k__Bacteria.p__Firmicutes.c__Clostridia.o__Oscillospirales.f__Ruminococcaceae.g__Paludicola	Type	Mucosal	-0.407134554813042	0.0794594026828418	261	114	6.6302853045556e-07	1.55660896514867e-05
k__Bacteria.p__Firmicutes.c__Clostridia.o__Lachnospirales.f__Lachnospiraceae.g__.Ruminococcus..gauvreauii.group	Type	Mucosal	-0.481864936851712	0.0940514836659958	261	113	6.66603376278945e-07	1.55660896514867e-05
k__Bacteria.p__Firmicutes.c__Clostridia.o__Lachnospirales.f__Lachnospiraceae.g__Tyzzerella	Sex	Male	1.26209895522416	0.215341249760178	261	17	7.46170281851424e-07	1.69655558820955e-05
k__Bacteria.p__Firmicutes.c__Clostridia.o__Lachnospirales.f__Lachnospiraceae.g__Lachnoclostridium	Type	Mucosal	0.623461228205825	0.12301481812937	261	259	8.56767187561786e-07	1.89806884629073e-05
k__Bacteria.p__Firmicutes.c__Clostridia.o__Lachnospirales.f__Lachnospiraceae.g__Roseburia	Sequencing_Run	April_2017	-3.23367532758315	0.662509059313365	261	82	2.06630243972038e-06	4.46321326979601e-05
k__Bacteria.p__Firmicutes.c__Clostridia.o__Lachnospirales.f__Lachnospiraceae.g__.Eubacterium..xylanophilum.group	Sex	Male	1.42931120452518	0.254338986989917	261	41	2.26695465460625e-06	4.7771922477556e-05
k__Bacteria.p__Firmicutes.c__Bacilli.o__Lactobacillales.f__Streptococcaceae.g__Streptococcus	Type	Mucosal	0.621446334527425	0.128584841939936	261	57	2.55061032591775e-06	5.24696981331652e-05
k__Bacteria.p__Proteobacteria.c__Gammaproteobacteria.o__Burkholderiales.f__Neisseriaceae.g__Neisseria	Sequencing_Run	Dec_2017	1.026321813336	0.191457660591247	261	26	2.97205805819764e-06	5.97176316809945e-05
k__Bacteria.p__Proteobacteria.c__Gammaproteobacteria.o__Burkholderiales.f__Alcaligenaceae.g__Bordetella	Type	Mucosal	0.282317745997272	0.0590490661370027	261	10	3.23844092371817e-06	6.35912035930114e-05
k__Bacteria.p__Firmicutes.c__Clostridia.o__Lachnospirales.f__Lachnospiraceae.g__Lachnoclostridium	Site	Cecum	0.700590491424203	0.148189413799005	261	259	4.12893491969575e-06	7.92755504581585e-05
k__Bacteria.p__Firmicutes.c__Clostridia.o__Lachnospirales.f__Lachnospiraceae.g__GCA.900066755	Type	Mucosal	-0.315597417098429	0.0677555705332434	261	77	5.56424930785099e-06	0.000104511117434419
k__Bacteria.p__Firmicutes.c__Clostridia.o__Oscillospirales.f__Oscillospiraceae.g__Colidextribacter	Sequencing_Run	Dec_2017	-1.66964630845757	0.321871157218386	261	190	5.95916715968074e-06	0.00010954724310562
k__Bacteria.p__Firmicutes.c__Clostridia.o__Lachnospirales.f__Lachnospiraceae.g__.Eubacterium..xylanophilum.group	Type	Mucosal	-0.395949292615879	0.0860387372697247	261	41	7.18283991108989e-06	0.000129291118399618
k__Bacteria.p__Firmicutes.c__Clostridia.o__Lachnospirales.f__Lachnospiraceae.g__GCA.900066755	Sequencing_Run	Dec_2018	-1.72050510514124	0.333216983505026	261	77	7.36677648023386e-06	0.000129895813855552
k__Bacteria.p__Firmicutes.c__Clostridia.o__Peptococcales.f__Peptococcaceae.g__	Type	Mucosal	0.249961979734339	0.0546107874405148	261	46	7.99652348516014e-06	0.000138179925823567
k__Bacteria.p__Firmicutes.c__Clostridia.o__Lachnospirales.f__Lachnospiraceae.g__Lachnospiraceae.FCS020.group	Sequencing_Run	April_2017	2.23803083836805	0.493608082589801	261	22	9.58317548324805e-06	0.00016235026701032
k__Bacteria.p__Firmicutes.c__Clostridia.o__Lachnospirales.f__Lachnospiraceae.g__Tyzzerella	Sequencing_Run	Dec_2018	-1.30283707690834	0.25598884340851	261	17	9.97450350829356e-06	0.000165730212137801
k__Bacteria.p__Verrucomicrobiota.c__Verrucomicrobiae.o__Verrucomicrobiales.f__Akkermansiaceae.g__Akkermansia	Sex	Male	-4.16052005922153	0.825593493127288	261	193	1.17846013399125e-05	0.000192111236937441
k__Bacteria.p__Firmicutes.c__Clostridia.o__Lachnospirales.f__Lachnospiraceae.g__Cuneatibacter	Sequencing_Run	May_2018	-1.48708538930918	0.308694091588058	261	56	1.36114619793123e-05	0.000217191542637856
k__Bacteria.p__Firmicutes.c__Clostridia.o__Lachnospirales.f__Defluviitaleaceae.g__Defluviitaleaceae.UCG.011	Sequencing_Run	April_2017	1.80666458208278	0.405930534472122	261	32	1.38258505151413e-05	0.000217191542637856
k__Bacteria.p__Bacteroidota.c__Bacteroidia.o__Bacteroidales.f__Tannerellaceae.g__Parabacteroides	Type	Mucosal	-0.5167707616889	0.116902117648395	261	186	1.56961090268072e-05	0.000242168539270739
k__Bacteria.p__Firmicutes.c__Clostridia.o__Lachnospirales.f__Lachnospiraceae.g__Coprococcus	Sequencing_Run	Dec_2017	2.08101073309454	0.434939242455359	261	91	2.07682240340111e-05	0.000314802553778695
k__Bacteria.p__Firmicutes.c__Clostridia.o__.f__.g__	Sex	Male	1.00882726208548	0.205732730815841	261	38	3.10256070897495e-05	0.000462174560785234
k__Bacteria.p__Firmicutes.c__Clostridia.o__Lachnospirales.f__Lachnospiraceae.g__GCA.900066575	Type	Mucosal	-0.212823286299149	0.0504917911235358	261	39	3.67075459712337e-05	0.000537547791849931
k__Bacteria.p__Bacteroidota.c__Bacteroidia.o__Bacteroidales.f__Muribaculaceae.g__	Sequencing_Run	Dec_2018	-0.758825588834082	0.161465446964928	261	18	3.78622339022383e-05	0.000543106691058906
k__Bacteria.p__Verrucomicrobiota.c__Verrucomicrobiae.o__Verrucomicrobiales.f__Akkermansiaceae.g__Akkermansia	Sequencing_Run	Oct_2017	-5.20222437808919	1.10873812224285	261	193	3.83443381418903e-05	0.000543106691058906
k__Bacteria.p__Proteobacteria.c__Gammaproteobacteria.o__Burkholderiales.f__Alcaligenaceae.g__Bordetella	Sequencing_Run	May_2018	0.647121286275568	0.141421328788938	261	10	3.90639816898925e-05	0.000544375486775276
k__Bacteria.p__Firmicutes.c__Bacilli.o__Staphylococcales.f__Staphylococcaceae.g__Staphylococcus	Sex	Male	0.676774274964034	0.147063074825979	261	19	4.23969083312044e-05	0.000581443314256518
k__Bacteria.p__Firmicutes.c__Clostridia.o__Oscillospirales.f__Ruminococcaceae.g__UBA1819	Sex	Male	-1.88550732809181	0.412641783817885	261	202	4.3980217918222e-05	0.000593732941895997
k__Bacteria.p__Firmicutes.c__Clostridia.o__Lachnospirales.f__Lachnospiraceae.g__Blautia	Type	Mucosal	-0.521188209966352	0.125621754899648	261	249	4.79148516125898e-05	0.000636898950665809
k__Bacteria.p__Firmicutes.c__Bacilli.o__Erysipelotrichales.f__Erysipelatoclostridiaceae.g__Coprobacillus	Sequencing_Run	Dec_2017	2.23848015674931	0.493421380634689	261	101	5.21046541340088e-05	0.000682097290481569
k__Bacteria.p__Firmicutes.c__Clostridia.o__Lachnospirales.f__Lachnospiraceae.g__Coprococcus	Type	Mucosal	-0.269917690053196	0.0655027858394374	261	91	5.38955253630563e-05	0.000695010953935532
k__Bacteria.p__Firmicutes.c__Clostridia.o__Lachnospirales.f__Lachnospiraceae.g__Roseburia	Sex	Male	-2.98751214689183	0.664411788699619	261	82	5.797854611812e-05	0.000736668585971407
k__Bacteria.p__Firmicutes.c__Bacilli.o__Erysipelotrichales.f__Erysipelotrichaceae.g__Turicibacter	Type	Mucosal	0.78696969635196	0.193824023373367	261	94	6.93423756447863e-05	0.000868287138508628
k__Bacteria.p__Firmicutes.c__Bacilli.o__Staphylococcales.f__Staphylococcaceae.g__Staphylococcus	Sequencing_Run	Dec_2018	-0.759031268070713	0.172212988750205	261	19	7.96950817549887e-05	0.000961390678673051
k__Bacteria.p__Desulfobacterota.c__Desulfovibrionia.o__Desulfovibrionales.f__Desulfovibrionaceae.g__Bilophila	Sequencing_Run	May_2018	2.36599991882423	0.537040570137135	261	38	8.01158898894209e-05	0.000961390678673051
k__Bacteria.p__Desulfobacterota.c__Desulfovibrionia.o__Desulfovibrionales.f__Desulfovibrionaceae.g__Bilophila	Type	Mucosal	0.418091174070037	0.103694986150487	261	38	7.7950783622377e-05	0.000961390678673051
k__Bacteria.p__Bacteroidota.c__Bacteroidia.o__Bacteroidales.f__Muribaculaceae.g__	Sex	Male	0.606516754549584	0.137693338011962	261	18	8.82189571965081e-05	0.00103001593267274
k__Bacteria.p__Firmicutes.c__Clostridia.o__Lachnospirales.f__Lachnospiraceae.g__Cuneatibacter	Sequencing_Run	Dec_2018	-1.40265243152679	0.319661594414439	261	56	8.804099017062e-05	0.00103001593267274
k__Bacteria.p__Firmicutes.c__Clostridia.o__Oscillospirales.f__Ruminococcaceae.g__	Sequencing_Run	Oct_2017	-2.67953503734239	0.612161107787254	261	115	9.05196858602788e-05	0.00104278678111041
k__Bacteria.p__Firmicutes.c__Clostridia.o__Lachnospirales.f__Lachnospiraceae.g__Roseburia	Sequencing_Run	Dec_2018	3.4889398871255	0.801816147619694	261	82	9.40703720115093e-05	0.00106943159760453
k__Bacteria.p__Firmicutes.c__Clostridia.o__Oscillospirales.f__.Eubacterium..coprostanoligenes.group.g__	Sex	Male	1.73502983596492	0.403839652066803	261	56	0.000105469932272958	0.00117885843587301
k__Bacteria.p__Bacteroidota.c__Bacteroidia.o__Bacteroidales.f__Tannerellaceae.g__Parabacteroides	Sequencing_Run	May_2018	4.42400142651164	1.03794266096135	261	186	0.000106424719905202	0.00117885843587301
k__Bacteria.p__Firmicutes.c__Bacilli.o__Erysipelotrichales.f__Erysipelotrichaceae.g__Holdemania	Sex	Male	-1.69921041361515	0.403109755942449	261	152	0.000137590726921615	0.00150478972228196
k__Bacteria.p__Firmicutes.c__Clostridia.o__Oscillospirales.f__Ruminococcaceae.g__Anaerotruncus	Sequencing_Run	Oct_2017	1.28696482131527	0.30452169017344	261	127	0.000141836789008117	0.00153183732128767
k__Bacteria.p__Firmicutes.c__Bacilli.o__Erysipelotrichales.f__Erysipelatoclostridiaceae.g__Erysipelatoclostridium	Sequencing_Run	April_2017	4.75171678260202	1.24213497301264	261	164	0.000173345442976112	0.00184901805841186
k__Bacteria.p__Firmicutes.c__Clostridia.o__Oscillospirales.f__Ruminococcaceae.g__Harryflintia	Type	Mucosal	-0.254109526714358	0.066761322949138	261	61	0.000183711940859254	0.00193569654759019
k__Bacteria.p__Proteobacteria.c__Gammaproteobacteria.o__Burkholderiales.f__Burkholderiaceae.g__Burkholderia.Caballeronia.Paraburkholderia	Type	Mucosal	0.250389279070708	0.0659431516809383	261	7	0.000190064666917881	0.00197850448454276
k__Bacteria.p__Firmicutes.c__Clostridia.o__Christensenellales.f__Christensenellaceae.g__Catabacter	Sex	Male	0.707924802105623	0.173507893626695	261	29	0.000217644630893529	0.00223863048919059
k__Bacteria.p__Firmicutes.c__Clostridia.o__Lachnospirales.f__Lachnospiraceae.g__.Eubacterium..fissicatena.group	Sequencing_Run	Oct_2017	-1.554305142433	0.382552715482201	261	131	0.000233060703922531	0.00236899350810667
k__Bacteria.p__Proteobacteria.c__Gammaproteobacteria.o__Enterobacterales.f__Pasteurellaceae.g__Haemophilus	Sex	Male	0.580064137808336	0.144126552483528	261	4	0.000260935853993019	0.00262149509127871
k__Bacteria.p__Firmicutes.c__Clostridia.o__Oscillospirales.f__Ruminococcaceae.g__Fournierella	Sequencing_Run	Dec_2017	1.39249001481028	0.360451085855692	261	102	0.00036785122038032	0.0036531431541218
k__Bacteria.p__Firmicutes.c__Clostridia.o__Lachnospirales.f__Lachnospiraceae.g__	Sequencing_Run	Dec_2017	-1.56467321786404	0.406850476731722	261	180	0.000378366766896389	0.00371487371134636
k__Bacteria.p__Firmicutes.c__Bacilli.o__Erysipelotrichales.f__Erysipelotrichaceae.g__Holdemania	Sequencing_Run	April_2017	1.93659628454563	0.538556673444695	261	152	0.00040135354646383	0.00385299404605277
k__Bacteria.p__Firmicutes.c__Negativicutes.o__Acidaminococcales.f__Acidaminococcaceae.g__Phascolarctobacterium	Type	Mucosal	0.277668061885066	0.0772052150547902	261	23	0.000399334861218142	0.00385299404605277
k__Bacteria.p__Proteobacteria.c__Gammaproteobacteria.o__Enterobacterales.f__Enterobacteriaceae.g__Escherichia.Shigella	Sex	Male	2.81580882231482	0.735877920452285	261	236	0.000436635132294445	0.00414563466266374
k__Bacteria.p__Firmicutes.c__Clostridia.o__Oscillospirales.f__Ruminococcaceae.g__Subdoligranulum	Sequencing_Run	May_2018	2.51573846042557	0.666509640274553	261	78	0.000457290907821279	0.00429455809084332
k__Bacteria.p__Bacteroidota.c__Bacteroidia.o__Bacteroidales.f__Marinifilaceae.g__Odoribacter	Sequencing_Run	Dec_2017	2.50759261771237	0.660686701319268	261	83	0.000480289746449143	0.00446204667668881
k__Bacteria.p__Firmicutes.c__Bacilli.o__Erysipelotrichales.f__Erysipelatoclostridiaceae.g__Coprobacillus	Sequencing_Run	Dec_2018	2.19525609965923	0.577337160932704	261	101	0.000529382803767663	0.00481459728900275
k__Bacteria.p__Firmicutes.c__Bacilli.o__Erysipelotrichales.f__Erysipelatoclostridiaceae.g__Coprobacillus	Sequencing_Run	May_2018	1.91296011676117	0.511818758912946	261	101	0.000527092497315938	0.00481459728900275
k__Bacteria.p__Firmicutes.c__Clostridia.o__Lachnospirales.f__Lachnospiraceae.g__GCA.900066575	Sequencing_Run	Dec_2017	1.12421101328574	0.301018540618439	261	39	0.000541700382905218	0.00487530344614696
k__Bacteria.p__Actinobacteriota.c__Actinobacteria.o__Bifidobacteriales.f__Bifidobacteriaceae.g__Bifidobacterium	Type	Mucosal	0.213862774979286	0.0610469002797927	261	23	0.000561467237351004	0.00495007850072722
k__Bacteria.p__Firmicutes.c__Clostridia.o__Lachnospirales.f__Lachnospiraceae.g__Cuneatibacter	Type	Mucosal	-0.269662757226967	0.0769766804863188	261	56	0.000558424239825696	0.00495007850072722
k__Bacteria.p__Firmicutes.c__Clostridia.o__Lachnospirales.f__Lachnospiraceae.g__.Eubacterium..fissicatena.group	Sequencing_Run	April_2017	-2.70302481251995	0.774974484586333	261	131	0.000587190199966014	0.00512456901788521
k__Bacteria.p__Firmicutes.c__Bacilli.o__Erysipelotrichales.f__Erysipelotrichaceae.g__Turicibacter	Sex	Male	-2.97863057811625	0.786467166483251	261	94	0.00062116759553497	0.00531375052021994
k__Bacteria.p__Firmicutes.c__Clostridia.o__Lachnospirales.f__Lachnospiraceae.g__GCA.900066575	Sequencing_Run	May_2018	1.15350335437131	0.315545924600267	261	39	0.00061597922714472	0.00531375052021994
k__Bacteria.p__Firmicutes.c__Clostridia.o__Oscillospirales.f__Ruminococcaceae.g__	Sequencing_Run	Dec_2017	-1.73175161113686	0.470492292252421	261	115	0.0006475807507471	0.00548538988868132
k__Bacteria.p__Firmicutes.c__Clostridia.o__Oscillospirales.f__Ruminococcaceae.g__UBA1819	Sequencing_Run	April_2017	-3.06751551738165	0.887062850344683	261	202	0.000654000468994649	0.00548598451661531
k__Bacteria.p__Firmicutes.c__Clostridia.o__Lachnospirales.f__Lachnospiraceae.g__Anaerostipes	Sequencing_Run	Dec_2017	-2.56017454496175	0.683951151111172	261	137	0.000680522910784563	0.00563805883275744
k__Bacteria.p__Firmicutes.c__Clostridia.o__Peptostreptococcales.Tissierellales.f__Anaerovoracaceae.g__.Eubacterium..nodatum.group	Site	Cecum	0.270921077182707	0.0786490446882903	261	31	0.000691470613864794	0.00563805883275744
k__Bacteria.p__Firmicutes.c__Clostridia.o__Oscillospirales.f__Ethanoligenenaceae.g__Acetanaerobacterium	Sex	Male	0.568558061440714	0.154159146586607	261	13	0.000691706291981816	0.00563805883275744
k__Bacteria.p__Firmicutes.c__Clostridia.o__Oscillospirales.f__Oscillospiraceae.g__	Sequencing_Run	April_2017	3.31499192254965	0.964973185446877	261	150	0.000709289353428261	0.00567431482742609
k__Bacteria.p__Firmicutes.c__Clostridia.o__Lachnospirales.f__Lachnospiraceae.g__.Eubacterium..hallii.group	Sequencing_Run	April_2017	1.74210016918556	0.506523989408991	261	19	0.000703783797585185	0.00567431482742609
k__Bacteria.p__Firmicutes.c__Clostridia.o__Oscillospirales.f__Oscillospiraceae.g__UCG.003	Sequencing_Run	April_2017	-1.81999817172841	0.535092821728847	261	41	0.000801151179634879	0.00630954423645398
k__Bacteria.p__Bacteroidota.c__Bacteroidia.o__Bacteroidales.f__Tannerellaceae.g__Parabacteroides	Sex	Male	-3.59741111766009	0.988240075891522	261	186	0.000803298456030021	0.00630954423645398
k__Bacteria.p__Proteobacteria.c__Gammaproteobacteria.o__Burkholderiales.f__Neisseriaceae.g__Neisseria	Sex	Male	0.649671802343525	0.179805925058303	261	26	0.000824451089315721	0.00641734901953859
k__Bacteria.p__Firmicutes.c__Clostridia.o__Lachnospirales.f__Lachnospiraceae.g__Roseburia	Type	Mucosal	-0.25718075622378	0.077457377283251	261	82	0.0010569076670379	0.00815328771714953
k__Bacteria.p__Firmicutes.c__Clostridia.o__.f__.g__	Sequencing_Run	Dec_2018	-0.881723561003081	0.243330271167887	261	38	0.0011220841593986	0.00857947534265834
k__Bacteria.p__Firmicutes.c__Clostridia.o__Lachnospirales.f__Lachnospiraceae.g__Tyzzerella	Sequencing_Run	May_2018	-0.842642047118916	0.244280262042796	261	17	0.0011366866065371	0.0086148879653338
k__Bacteria.p__Firmicutes.c__Clostridia.o__Lachnospirales.f__Lachnospiraceae.g__Cuneatibacter	Sequencing_Run	Dec_2017	-0.987830989140422	0.283793003622375	261	56	0.00115720824075662	0.00869415582620628
k__Bacteria.p__Actinobacteriota.c__Coriobacteriia.o__Coriobacteriales.f__Eggerthellaceae.g__Adlercreutzia	Sex	Male	0.994353998196263	0.273567092073919	261	33	0.00122743386079066	0.00914226599761322
k__Bacteria.p__Firmicutes.c__Clostridia.o__Oscillospirales.f__Oscillospiraceae.g__Colidextribacter	Sequencing_Run	May_2018	-1.19486140269193	0.349298228620793	261	190	0.00127074477691857	0.00938396142955251
k__Bacteria.p__Actinobacteriota.c__Coriobacteriia.o__Coriobacteriales.f__Coriobacteriaceae.g__Collinsella	Sequencing_Run	May_2018	-1.26213330165569	0.360742394465705	261	25	0.0012878020261575	0.00942933008983118
k__Bacteria.p__Firmicutes.c__Clostridia.o__Lachnospirales.f__Lachnospiraceae.g__GCA.900066755	Sequencing_Run	May_2018	-1.06350112944622	0.314374804782217	261	77	0.00136661446851266	0.00992231009071374
k__Bacteria.p__Firmicutes.c__Clostridia.o__Oscillospirales.f__Ruminococcaceae.g__Anaerotruncus	Sex	Male	0.792261184040277	0.230958525134243	261	127	0.00140470197796356	0.0101138542413376
k__Bacteria.p__Firmicutes.c__Bacilli.o__Lactobacillales.f__Enterococcaceae.g__Enterococcus	Type	Mucosal	0.223831446532138	0.069344108245155	261	16	0.00144219851483649	0.0102136025968748
k__Bacteria.p__Bacteroidota.c__Bacteroidia.o__Bacteroidales.f__Marinifilaceae.g__Odoribacter	Sequencing_Run	May_2018	2.31861091082862	0.683230184382421	261	83	0.00143732325051923	0.0102136025968748
k__Bacteria.p__Firmicutes.c__Clostridia.o__Lachnospirales.f__Lachnospiraceae.g__Cuneatibacter	Sequencing_Run	Oct_2017	-1.22246235871661	0.358907712346697	261	56	0.00158303626141864	0.0111198644704529
k__Bacteria.p__Firmicutes.c__Clostridia.o__Oscillospirales.f__Butyricicoccaceae.g__Butyricicoccus	Sequencing_Run	April_2017	2.49942769526468	0.789774949653112	261	121	0.00177571183697352	0.012273720217161
k__Bacteria.p__Firmicutes.c__Clostridia.o__Peptostreptococcales.Tissierellales.f__Peptostreptococcaceae.g__Clostridioides	Sequencing_Run	Dec_2018	-1.76069569801196	0.524857186045308	261	32	0.00177397413435971	0.012273720217161
k__Bacteria.p__Firmicutes.c__Clostridia.o__Lachnospirales.f__Lachnospiraceae.g__.Eubacterium..fissicatena.group	Type	Mucosal	-0.286220890244574	0.0906090626517355	261	131	0.00180923495229416	0.0124061825300171
k__Bacteria.p__Firmicutes.c__Clostridia.o__Oscillospirales.f__Butyricicoccaceae.g__Butyricicoccus	Sequencing_Run	Dec_2018	-1.74482149842747	0.526852664410978	261	121	0.00199931934030998	0.0135122493704773
k__Bacteria.p__Firmicutes.c__Clostridia.o__Oscillospirales.f__Ruminococcaceae.g__Anaerotruncus	Sequencing_Run	May_2018	-0.898280729973931	0.275235403154594	261	127	0.00200181472155219	0.0135122493704773
k__Bacteria.p__Firmicutes.c__Clostridia.o__Oscillospirales.f__Oscillospiraceae.g__UCG.003	Type	Mucosal	-0.195383156127785	0.0625505625613753	261	41	0.00203417653988593	0.0135194502343188
k__Bacteria.p__Firmicutes.c__Clostridia.o__Lachnospirales.f__Lachnospiraceae.g__Murimonas	Site	Cecum	0.215006036586041	0.0687787497927437	261	64	0.00201989676643026	0.0135194502343188
k__Bacteria.p__Firmicutes.c__Clostridia.o__Oscillospirales.f__Ruminococcaceae.g__	Sequencing_Run	May_2018	-1.60829493334762	0.495445991633358	261	115	0.0021037711091756	0.0138752537276925
k__Bacteria.p__Firmicutes.c__Clostridia.o__Oscillospirales.f__Ruminococcaceae.g__Harryflintia	Sequencing_Run	Oct_2017	1.55588530476612	0.473868731327267	261	61	0.00217244567418435	0.014219644412843
k__Bacteria.p__Firmicutes.c__Clostridia.o__Lachnospirales.f__Lachnospiraceae.g__Agathobacter	Type	Mucosal	-0.151125382035872	0.049027025109085	261	21	0.00232812803709313	0.0151240798800637
k__Bacteria.p__Firmicutes.c__Bacilli.o__Erysipelotrichales.f__Erysipelotrichaceae.g__Dielma	Sequencing_Run	May_2018	1.99045453037056	0.615188005509129	261	77	0.00236505157610215	0.0152492877742706
k__Bacteria.p__Firmicutes.c__Clostridia.o__Lachnospirales.f__Lachnospiraceae.g__Murimonas	Sequencing_Run	Oct_2017	2.91829826267689	0.898083388767589	261	64	0.00238329073152355	0.0152530606817507
k__Bacteria.p__Firmicutes.c__Clostridia.o__Oscillospirales.f__Ruminococcaceae.g__Anaerotruncus	Site	Cecum	0.348223847358011	0.114441578960781	261	127	0.00263855068536311	0.016762557295248
k__Bacteria.p__Firmicutes.c__Clostridia.o__Oscillospirales.f__Butyricicoccaceae.g__Butyricicoccus	Sequencing_Run	May_2018	-1.534432819301	0.487170488422501	261	121	0.00272266893856596	0.0171502902869116
k__Bacteria.p__Firmicutes.c__Clostridia.o__Lachnospirales.f__Lachnospiraceae.g__Lachnospiraceae.FCS020.group	Sex	Male	0.735517595646719	0.229823525143615	261	22	0.00273928247638172	0.0171502902869116
k__Bacteria.p__Firmicutes.c__Clostridia.o__Oscillospirales.f__Ruminococcaceae.g__.Eubacterium..siraeum.group	Type	Mucosal	-0.204533232819993	0.0677329562512288	261	45	0.00283989226655707	0.017652279987808
k__Bacteria.p__Firmicutes.c__Clostridia.o__Lachnospirales.f__Lachnospiraceae.g__Hungatella	Sex	Male	1.83328000515697	0.575854530035478	261	247	0.00287089633312165	0.0177175316558365
k__Bacteria.p__Bacteroidota.c__Bacteroidia.o__Bacteroidales.f__Bacteroidaceae.g__Bacteroides	Sequencing_Run	Dec_2017	-1.68159345131181	0.535845162001726	261	261	0.0030222203325649	0.0185191373569934
k__Bacteria.p__Firmicutes.c__Clostridia.o__Lachnospirales.f__Lachnospiraceae.g__Coprococcus	Sequencing_Run	Oct_2017	1.80507317487725	0.571293409732801	261	91	0.00306149104517361	0.0186276638241549
k__Bacteria.p__Firmicutes.c__Clostridia.o__Peptostreptococcales.Tissierellales.f__Peptostreptococcaceae.g__Clostridioides	Sex	Male	1.37451420387464	0.439095915364986	261	32	0.00321856502085582	0.0194175065307238
k__Bacteria.p__Firmicutes.c__Clostridia.o__Oscillospirales.f__Oscillospiraceae.g__Colidextribacter	Site	Cecum	-0.30385002488028	0.102009922143249	261	190	0.00323625108845396	0.0194175065307238
k__Bacteria.p__Firmicutes.c__Clostridia.o__Lachnospirales.f__Lachnospiraceae.g__Lachnospiraceae.UCG.009	Site	Cecum	0.487518882538517	0.163916729009496	261	166	0.00327696556827892	0.0195261948344344
k__Bacteria.p__Firmicutes.c__Clostridia.o__Oscillospirales.f__Ruminococcaceae.g__.Eubacterium..siraeum.group	Sequencing_Run	April_2017	1.71838109575661	0.579700364917805	261	45	0.00338213357043294	0.0200148178414661
k__Bacteria.p__Firmicutes.c__Clostridia.o__Lachnospirales.f__Lachnospiraceae.g__Frisingicoccus	Sequencing_Run	April_2017	1.36712924620174	0.463273781454177	261	38	0.00353148133030679	0.0207564616964971
k__Bacteria.p__Firmicutes.c__Clostridia.o__Oscillospirales.f__Oscillospiraceae.g__Colidextribacter	Sequencing_Run	Oct_2017	-1.26873142537231	0.407927888141315	261	190	0.00364134156273498	0.0212575615554258
k__Bacteria.p__Proteobacteria.c__Gammaproteobacteria.o__Enterobacterales.f__Pasteurellaceae.g__Haemophilus	Sequencing_Run	Oct_2017	0.588305494313671	0.189986432097721	261	4	0.00376315054647736	0.0218212219607814
k__Bacteria.p__Firmicutes.c__Clostridia.o__Lachnospirales.f__Lachnospiraceae.g__Lachnoclostridium	Sex	Male	1.21834604037612	0.398341669558928	261	259	0.00390877649475025	0.0225145526097615
k__Bacteria.p__Firmicutes.c__Bacilli.o__Erysipelotrichales.f__Erysipelotrichaceae.g__Holdemania	Sequencing_Run	May_2018	-1.30274357842539	0.432462817848363	261	152	0.00412045801352868	0.02357666042178
k__Bacteria.p__Firmicutes.c__Clostridia.o__Lachnospirales.f__Lachnospiraceae.g__Lachnoclostridium	Site	Proximal_Colon	0.433323922639842	0.149550668235988	261	259	0.00415468329344972	0.0236160945101353
k__Bacteria.p__Firmicutes.c__Clostridia.o__Oscillospirales.f__Ruminococcaceae.g__.Eubacterium..siraeum.group	Sex	Male	-1.3786142496685	0.45246404824559	261	45	0.00421020918368358	0.023643025195055
k__Bacteria.p__Firmicutes.c__Bacilli.o__Erysipelotrichales.f__Erysipelotrichaceae.g__.Clostridium..innocuum.group	Sequencing_Run	April_2017	3.19810955765069	1.10547429840128	261	173	0.00421415032411861	0.023643025195055
k__Bacteria.p__Proteobacteria.c__Gammaproteobacteria.o__Burkholderiales.f__Burkholderiaceae.g__Burkholderia.Caballeronia.Paraburkholderia	Sequencing_Run	Dec_2018	-0.421415680880805	0.138738277839849	261	7	0.00425543589707245	0.0237206233230361
k__Bacteria.p__Proteobacteria.c__Gammaproteobacteria.o__Burkholderiales.f__Burkholderiaceae.g__Burkholderia.Caballeronia.Paraburkholderia	Sex	Male	0.358103202950262	0.118406187430541	261	7	0.00436238878492526	0.0241609225011245
k__Bacteria.p__Firmicutes.c__Clostridia.o__Lachnospirales.f__Lachnospiraceae.g__Fusicatenibacter	Sex	Male	-1.60124496145809	0.533642396950958	261	71	0.00460197999709898	0.0248506919843345
k__Bacteria.p__Firmicutes.c__Clostridia.o__Lachnospirales.f__Lachnospiraceae.g__.Ruminococcus..gnavus.group	Sequencing_Run	Oct_2017	2.76223439126342	0.917858452794721	261	105	0.00457349828690746	0.0248506919843345
k__Bacteria.p__Firmicutes.c__Clostridia.o__Lachnospirales.f__Lachnospiraceae.g__.Eubacterium..hallii.group	Sequencing_Run	May_2018	-0.845537760204441	0.281909786237569	261	19	0.00452517092431464	0.0248506919843345
k__Bacteria.p__Firmicutes.c__Clostridia.o__Oscillospirales.f__Ruminococcaceae.g__Negativibacillus	Type	Mucosal	0.138461625851789	0.0483325745465371	261	36	0.00458792837128534	0.0248506919843345
k__Bacteria.p__Firmicutes.c__Bacilli.o__Lactobacillales.f__Streptococcaceae.g__Streptococcus	Sequencing_Run	Dec_2017	0.798691152849353	0.269789282119108	261	57	0.00511247545786984	0.0274358931403698
k__Bacteria.p__Firmicutes.c__Clostridia.o__Oscillospirales.f__Ruminococcaceae.g__Candidatus.Soleaferrea	Sex	Male	0.564897836188325	0.190149814309887	261	30	0.00520429283081852	0.0277562284310321
k__Bacteria.p__Firmicutes.c__Clostridia.o__Lachnospirales.f__Lachnospiraceae.g__Anaerostipes	Sex	Male	-1.9471435452052	0.655429706844335	261	137	0.00569977148841986	0.0302122856809494
k__Bacteria.p__Actinobacteriota.c__Coriobacteriia.o__Coriobacteriales.f__Eggerthellaceae.g__Eggerthella	Sex	Male	0.430201971920689	0.147060293868183	261	17	0.00574196972693081	0.030250377097977
k__Bacteria.p__Firmicutes.c__Clostridia.o__Lachnospirales.f__Lachnospiraceae.g__Dorea	Sequencing_Run	Dec_2018	1.00986265952879	0.34639231199685	261	35	0.00591648467872108	0.0309808652267577
k__Bacteria.p__Firmicutes.c__Clostridia.o__Lachnospirales.f__Lachnospiraceae.g__Coprococcus	Sequencing_Run	May_2018	1.27717503651281	0.452751288946542	261	91	0.00693082718649543	0.0360737029465786
k__Bacteria.p__Firmicutes.c__Clostridia.o__Lachnospirales.f__Lachnospiraceae.g__Sellimonas	Type	Mucosal	-0.235727098912652	0.0868888274861599	261	107	0.00720327761675297	0.0372672566519435
k__Bacteria.p__Proteobacteria.c__Gammaproteobacteria.o__Burkholderiales.f__Alcaligenaceae.g__Bordetella	Sequencing_Run	Oct_2017	0.433367499661784	0.152702467527349	261	10	0.00748262552126434	0.0384820741093594
k__Bacteria.p__Firmicutes.c__Clostridia.o__Peptococcales.f__Peptococcaceae.g__	Sequencing_Run	Oct_2017	-2.10192865098786	0.753456362682548	261	46	0.00813970854408684	0.0409103696741418
k__Bacteria.p__Firmicutes.c__Clostridia.o__Oscillospirales.f__Ruminococcaceae.g__Faecalibacterium	Sequencing_Run	April_2017	2.66431796639123	0.997035289968865	261	71	0.00811696446984525	0.0409103696741418
k__Bacteria.p__Firmicutes.c__Clostridia.o__Lachnospirales.f__Lachnospiraceae.g__.Eubacterium..hallii.group	Type	Mucosal	0.157757908305182	0.0591386895388224	261	19	0.00823889389270911	0.0409103696741418
k__Bacteria.p__Proteobacteria.c__Gammaproteobacteria.o__Burkholderiales.f__Burkholderiaceae.g__Burkholderia.Caballeronia.Paraburkholderia	Sequencing_Run	Oct_2017	0.432778834406179	0.155043311749638	261	7	0.00816040239402321	0.0409103696741418
k__Bacteria.p__Firmicutes.c__Clostridia.o__Lachnospirales.f__Lachnospiraceae.g__Lactonifactor	Sequencing_Run	April_2017	-1.58681564644129	0.593793456844364	261	27	0.00809033744616935	0.0409103696741418
k__Bacteria.p__Firmicutes.c__Clostridia.o__Lachnospirales.f__Lachnospiraceae.g__Lactonifactor	Sequencing_Run	Dec_2018	-0.660778345609023	0.236590721191661	261	27	0.00820223698916951	0.0409103696741418
k__Bacteria.p__Firmicutes.c__Clostridia.o__Peptococcales.f__Peptococcaceae.g__	Sex	Male	-1.53625951184493	0.553264941147313	261	46	0.00835228600018825	0.0412364291666437
k__Bacteria.p__Firmicutes.c__Clostridia.o__Lachnospirales.f__Lachnospiraceae.g__Tyzzerella	Sequencing_Run	Oct_2017	0.799390737216626	0.28754624327434	261	17	0.00843026383616144	0.041384931559338
k__Bacteria.p__Firmicutes.c__Clostridia.o__Oscillospirales.f__Ruminococcaceae.g__Harryflintia	Sex	Male	0.968109557607565	0.351785203097033	261	61	0.00879612771385855	0.0422214130265211
k__Bacteria.p__Firmicutes.c__Clostridia.o__Lachnospirales.f__Lachnospiraceae.g__Cuneatibacter	Sequencing_Run	April_2017	1.7422751605873	0.658897036198471	261	56	0.00878011077557207	0.0422214130265211
k__Bacteria.p__Firmicutes.c__Clostridia.o__Lachnospirales.f__Defluviitaleaceae.g__Defluviitaleaceae.UCG.011	Sequencing_Run	May_2018	-1.20071484144587	0.437262074039983	261	32	0.00871419877780726	0.0422214130265211
k__Bacteria.p__Firmicutes.c__Bacilli.o__Erysipelotrichales.f__Erysipelotrichaceae.g__Faecalitalea	Sequencing_Run	Dec_2017	1.10751149356533	0.40130087508111	261	28	0.00865544704731193	0.0422214130265211
k__Bacteria.p__Actinobacteriota.c__Coriobacteriia.o__Coriobacteriales.f__Coriobacteriaceae.g__Collinsella	Type	Mucosal	0.167684110372448	0.0634551132381586	261	25	0.00887630956794715	0.0423708920812505
k__Bacteria.p__Firmicutes.c__Bacilli.o__Erysipelotrichales.f__Erysipelotrichaceae.g__Holdemania	Site	Proximal_Colon	0.199057519319219	0.0759380759940511	261	152	0.00939389037766195	0.0444037720208288
k__Bacteria.p__Bacteroidota.c__Bacteroidia.o__Bacteroidales.f__Prevotellaceae.g__Prevotella_9	Site	Cecum	-0.207473687753069	0.0791620799988115	261	7	0.00940496560163388	0.0444037720208288
k__Bacteria.p__Bacteroidota.c__Bacteroidia.o__Bacteroidales.f__Prevotellaceae.g__Prevotella_9	Sex	Male	0.365767816565516	0.133994498648408	261	7	0.00948424631911447	0.0445347218462767
k__Bacteria.p__Firmicutes.c__Clostridia.o__Oscillospirales.f__Ruminococcaceae.g__Harryflintia	Sequencing_Run	April_2017	-1.48223974270005	0.571713027941729	261	61	0.0101764126231764	0.047080220753013
k__Bacteria.p__Actinobacteriota.c__Coriobacteriia.o__Coriobacteriales.f__Eggerthellaceae.g__Eggerthella	Sequencing_Run	Oct_2017	0.52348224056707	0.193255254392946	261	17	0.0101883023653024	0.047080220753013
k__Bacteria.p__Proteobacteria.c__Gammaproteobacteria.o__Burkholderiales.f__Burkholderiaceae.g__Burkholderia.Caballeronia.Paraburkholderia	Site	Proximal_Colon	-0.209145973337166	0.0806775422024803	261	7	0.0101898162972378	0.047080220753013
k__Bacteria.p__Proteobacteria.c__Alphaproteobacteria.o__Rhodospirillales.f__.g__	Sequencing_Run	Dec_2018	2.04551212780251	0.759652886238805	261	41	0.0103696271532733	0.0476561588320645
k__Bacteria.p__Firmicutes.c__Clostridia.o__Lachnospirales.f__Lachnospiraceae.g__Roseburia	Sequencing_Run	May_2018	1.86169937285512	0.697183565270045	261	82	0.0104769106746691	0.0476771022438088
k__Bacteria.p__Firmicutes.c__Clostridia.o__Lachnospirales.f__Lachnospiraceae.g__Agathobacter	Sequencing_Run	May_2018	-0.643441075607966	0.240486567262756	261	21	0.0104845479471339	0.0476771022438088
k__Bacteria.p__Proteobacteria.c__Gammaproteobacteria.o__Enterobacterales.f__Pasteurellaceae.g__Haemophilus	Sequencing_Run	Dec_2017	0.409707076494822	0.153928240703381	261	4	0.0110681383933604	0.050067390428604
k__Bacteria.p__Firmicutes.c__Clostridia.o__Lachnospirales.f__Lachnospiraceae.g__.Eubacterium..xylanophilum.group	Sequencing_Run	Dec_2018	-0.804846896993808	0.30055335631625	261	41	0.0112892516813769	0.0508016325661962
k__Bacteria.p__Firmicutes.c__Bacilli.o__Lactobacillales.f__Enterococcaceae.g__Enterococcus	Sequencing_Run	Dec_2018	-0.506361861037683	0.190732441023664	261	16	0.0116955328990774	0.052081723444365
k__Bacteria.p__Firmicutes.c__Clostridia.o__Oscillospirales.f__Ruminococcaceae.g__Incertae.Sedis	Sex	Male	0.85233975593844	0.322780208277307	261	159	0.0117545556384852	0.052081723444365
k__Bacteria.p__Actinobacteriota.c__Actinobacteria.o__Bifidobacteriales.f__Bifidobacteriaceae.g__Bifidobacterium	Sequencing_Run	Oct_2017	0.862090023677439	0.322208335476597	261	23	0.0116729573188459	0.052081723444365
k__Bacteria.p__Firmicutes.c__Negativicutes.o__Acidaminococcales.f__Acidaminococcaceae.g__Phascolarctobacterium	Site	Proximal_Colon	-0.238829581580521	0.0940511265436442	261	23	0.0118215389576684	0.052111273772579
k__Bacteria.p__Firmicutes.c__Clostridia.o__Oscillospirales.f__Ruminococcaceae.g__Fournierella	Sequencing_Run	May_2018	0.995999848046232	0.3817567200935	261	102	0.0119078746993016	0.0522253996964293
k__Bacteria.p__Firmicutes.c__Clostridia.o__Oscillospirales.f__Oscillospiraceae.g__UCG.003	Site	Cecum	0.18924666984505	0.0746928920840968	261	41	0.0120130883763859	0.0524207492787748
k__Bacteria.p__Firmicutes.c__Clostridia.o__Lachnospirales.f__Lachnospiraceae.g__Roseburia	Sequencing_Run	Dec_2017	1.77718367073837	0.67964630293634	261	82	0.0123768153587406	0.0532169775162172
k__Bacteria.p__Firmicutes.c__Clostridia.o__Oscillospirales.f__Ruminococcaceae.g__Candidatus.Soleaferrea	Type	Mucosal	-0.166105524746704	0.0657563114606412	261	30	0.012257708505229	0.0532169775162172
k__Bacteria.p__Firmicutes.c__Bacilli.o__Erysipelotrichales.f__Erysipelotrichaceae.g__Holdemania	Sequencing_Run	Dec_2017	-1.08482238994692	0.415295809366623	261	152	0.0123803385193977	0.0532169775162172
k__Bacteria.p__Firmicutes.c__Clostridia.o__Oscillospirales.f__Butyricicoccaceae.g__Butyricicoccus	Sequencing_Run	Dec_2017	-1.18439581671336	0.458658964982235	261	121	0.0132135886556378	0.0559634343062309
k__Bacteria.p__Firmicutes.c__Clostridia.o__Peptostreptococcales.Tissierellales.f__Peptostreptococcaceae.g__Romboutsia	Sequencing_Run	Oct_2017	2.42149284407151	0.931695025379122	261	57	0.013193898234645	0.0559634343062309
k__Bacteria.p__Firmicutes.c__Clostridia.o__Lachnospirales.f__Lachnospiraceae.g__Lachnospiraceae.UCG.010	Sequencing_Run	April_2017	-1.32031532369816	0.527976685913066	261	47	0.0131474546272844	0.0559634343062309
k__Bacteria.p__Bacteroidota.c__Bacteroidia.o__Bacteroidales.f__Tannerellaceae.g__Parabacteroides	Sequencing_Run	April_2017	2.47066115635473	0.99992206232532	261	186	0.014269166750272	0.0601393174255367
k__Bacteria.p__Firmicutes.c__Clostridia.o__Lachnospirales.f__Lachnospiraceae.g__Sellimonas	Sex	Male	-1.01150829337745	0.396222509478631	261	107	0.0144893794077507	0.0607709893606632
k__Bacteria.p__Firmicutes.c__Clostridia.o__Lachnospirales.f__Lachnospiraceae.g__.Eubacterium..xylanophilum.group	Sequencing_Run	May_2018	-0.748473295148745	0.29705773638269	261	41	0.0153443356154762	0.064045922568944
k__Bacteria.p__Firmicutes.c__Clostridia.o__Lachnospirales.f__Lachnospiraceae.g__Hungatella	Site	Cecum	0.432698244089886	0.178632673644973	261	247	0.0162709917879364	0.0675871966575821
k__Bacteria.p__Firmicutes.c__Clostridia.o__Lachnospirales.f__Lachnospiraceae.g__Lachnospiraceae.NK4A136.group	Site	Cecum	0.463726398331346	0.19158734419162	261	178	0.0163530570648636	0.0676030684403929
k__Bacteria.p__Firmicutes.c__Bacilli.o__Erysipelotrichales.f__Erysipelotrichaceae.g__Turicibacter	Sequencing_Run	May_2018	2.20572977651094	0.885552297964048	261	94	0.0167924757054097	0.0690890429022569
k__Bacteria.p__Firmicutes.c__Clostridia.o__Oscillospirales.f__Ruminococcaceae.g__Subdoligranulum	Sequencing_Run	Dec_2017	1.5819347706607	0.637839179161695	261	78	0.0174063074797391	0.0709389135023329
k__Bacteria.p__Firmicutes.c__Clostridia.o__Lachnospirales.f__Lachnospiraceae.g__Lachnospiraceae.FCS020.group	Sequencing_Run	Dec_2018	-0.681265385688132	0.273504174113349	261	22	0.0173606968998411	0.0709389135023329
k__Bacteria.p__Actinobacteriota.c__Coriobacteriia.o__Coriobacteriales.f__Eggerthellaceae.g__Eggerthella	Sequencing_Run	Dec_2018	-0.428086256434256	0.172690788930129	261	17	0.0178133999323196	0.0722571715564514
k__Bacteria.p__Firmicutes.c__Clostridia.o__Lachnospirales.f__Lachnospiraceae.g__.Eubacterium..hallii.group	Sequencing_Run	Dec_2018	-0.747789656495123	0.300084903121857	261	19	0.0181900043764663	0.0734400176694713
k__Bacteria.p__Firmicutes.c__Clostridia.o__Lachnospirales.f__Lachnospiraceae.g__.Eubacterium..eligens.group	Sex	Male	1.18533396153899	0.482423295134626	261	60	0.0184605902145487	0.0741858136993958
k__Bacteria.p__Firmicutes.c__Clostridia.o__Lachnospirales.f__Lachnospiraceae.g__Lactonifactor	Site	Cecum	0.1977899751941	0.0838592778093592	261	27	0.0192578983896676	0.0770315935586705
k__Bacteria.p__Firmicutes.c__Clostridia.o__Lachnospirales.f__Lachnospiraceae.g__Lactonifactor	Sex	Male	0.488763176582372	0.200324713263816	261	27	0.0193591085992245	0.0770795844688016
k__Bacteria.p__Firmicutes.c__Clostridia.o__Oscillospirales.f__Ruminococcaceae.g__Incertae.Sedis	Type	Mucosal	-0.258258579843153	0.110006798802014	261	159	0.0197917271073863	0.0784406065173474
k__Bacteria.p__Firmicutes.c__Clostridia.o__Peptostreptococcales.Tissierellales.f__Anaerovoracaceae.g__.Eubacterium..nodatum.group	Sequencing_Run	April_2017	1.30375163200526	0.560373162274378	261	31	0.0209214147311996	0.0825392800354177
k__Bacteria.p__Actinobacteriota.c__Actinobacteria.o__Bifidobacteriales.f__Bifidobacteriaceae.g__Bifidobacterium	Sex	Male	0.583342381990285	0.241047714914888	261	23	0.0210473540533543	0.0826586995549913
k__Bacteria.p__Firmicutes.c__Clostridia.o__Lachnospirales.f__Lachnospiraceae.g__.Eubacterium..eligens.group	Sequencing_Run	Dec_2017	1.192179104021	0.499760303886306	261	60	0.0215668860673619	0.0843157898742114
k__Bacteria.p__Firmicutes.c__Clostridia.o__Oscillospirales.f__Ethanoligenenaceae.g__Acetanaerobacterium	Sequencing_Run	Dec_2018	-0.43454807631746	0.181614851947081	261	13	0.0218810249044566	0.0851585834119391
k__Bacteria.p__Firmicutes.c__Clostridia.o__Lachnospirales.f__Lachnospiraceae.g__GCA.900066755	Sequencing_Run	Dec_2017	-0.692673338559391	0.2927139208502	261	77	0.022383206382372	0.0867223780913425
k__Bacteria.p__Firmicutes.c__Clostridia.o__Lachnospirales.f__Lachnospiraceae.g__Anaerostipes	Type	Mucosal	0.339808096708692	0.148435962295716	261	137	0.0230770988393913	0.0886160595432626
k__Bacteria.p__Proteobacteria.c__Gammaproteobacteria.o__Enterobacterales.f__Morganellaceae.g__Proteus	Sequencing_Run	Dec_2017	0.790428359426396	0.335705821341978	261	33	0.0230309064688934	0.0886160595432626
k__Bacteria.p__Firmicutes.c__Clostridia.o__Lachnospirales.f__Lachnospiraceae.g__Anaerostipes	Sequencing_Run	Oct_2017	-2.09439924524978	0.878870334406456	261	137	0.0238743873437857	0.0904713625659246
k__Bacteria.p__Desulfobacterota.c__Desulfovibrionia.o__Desulfovibrionales.f__Desulfovibrionaceae.g__Bilophila	Sex	Male	-1.15414288193476	0.484781203928279	261	38	0.023710743846114	0.0904713625659246
k__Bacteria.p__Bacteroidota.c__Bacteroidia.o__Bacteroidales.f__Prevotellaceae.g__Prevotella_9	Site	Proximal_Colon	-0.181781498867762	0.0798861234916084	261	7	0.0238738333495672	0.0904713625659246
k__Bacteria.p__Firmicutes.c__Clostridia.o__Lachnospirales.f__Lachnospiraceae.g__Lachnospiraceae.UCG.009	Type	Mucosal	0.310353806473592	0.136753413495723	261	166	0.0242254801803321	0.0914009383223012
k__Bacteria.p__Firmicutes.c__Clostridia.o__Lachnospirales.f__Lachnospiraceae.g__Tuzzerella	Type	Mucosal	0.169080461108406	0.0747502647749536	261	123	0.0247036692763014	0.092799870672715
k__Bacteria.p__Actinobacteriota.c__Actinobacteria.o__Bifidobacteriales.f__Bifidobacteriaceae.g__Bifidobacterium	Sequencing_Run	April_2017	-1.18159268322473	0.522806893894232	261	23	0.0248351557282226	0.0928899331133519
k__Bacteria.p__Firmicutes.c__Clostridia.o__Lachnospirales.f__Lachnospiraceae.g__Lachnoclostridium	Sequencing_Run	Dec_2018	-1.08938555751234	0.471707132035927	261	259	0.0262785530936927	0.0963423526072744
k__Bacteria.p__Firmicutes.c__Clostridia.o__Lachnospirales.f__Lachnospiraceae.g__Blautia	Sequencing_Run	Oct_2017	-1.38520806403079	0.59867869722211	261	249	0.0260472146688082	0.0963423526072744
k__Bacteria.p__Firmicutes.c__Clostridia.o__Oscillospirales.f__Ruminococcaceae.g__Paludicola	Sequencing_Run	April_2017	-1.52313457499652	0.680344735538678	261	114	0.0261951801884123	0.0963423526072744
k__Bacteria.p__Proteobacteria.c__Gammaproteobacteria.o__Enterobacterales.f__Enterobacteriaceae.g__Escherichia.Shigella	Sequencing_Run	April_2017	-4.6831192427051	2.09336520273944	261	236	0.0262677376213416	0.0963423526072744
k__Bacteria.p__Firmicutes.c__Clostridia.o__.f__.g__	Sequencing_Run	May_2018	-0.552991993796192	0.239243396754012	261	38	0.0263157352029129	0.0963423526072744
k__Bacteria.p__Firmicutes.c__Clostridia.o__Oscillospirales.f__Ruminococcaceae.g__Negativibacillus	Sequencing_Run	Dec_2017	0.718393732185767	0.31220773828498	261	36	0.0264444974870259	0.0964052566615626
k__Bacteria.p__Firmicutes.c__Clostridia.o__Lachnospirales.f__Lachnospiraceae.g__Coprococcus	Sequencing_Run	Dec_2018	1.1697515861088	0.507551547120569	261	91	0.0266028759504343	0.0965751463074589
k__Bacteria.p__Firmicutes.c__Clostridia.o__Lachnospirales.f__Lachnospiraceae.g__Lactonifactor	Sequencing_Run	May_2018	-0.535790061553425	0.234626538647635	261	27	0.0267944377840199	0.0968635742485072
k__Bacteria.p__Firmicutes.c__Clostridia.o__Oscillospirales.f__Oscillospiraceae.g__Flavonifractor	Sequencing_Run	April_2017	2.21606529665889	0.997907075867674	261	229	0.0274632720280781	0.0988677793010812
k__Bacteria.p__Firmicutes.c__Clostridia.o__Peptococcales.f__Peptococcaceae.g__	Sequencing_Run	April_2017	1.03157865049563	0.466933356416586	261	46	0.0282232588853365	0.100783692920974
k__Bacteria.p__Verrucomicrobiota.c__Verrucomicrobiae.o__Verrucomicrobiales.f__Akkermansiaceae.g__Akkermansia	Sequencing_Run	Dec_2018	2.25373105689343	0.986120796098434	261	193	0.0282287658412912	0.100783692920974
k__Bacteria.p__Firmicutes.c__Clostridia.o__Oscillospirales.f__Ruminococcaceae.g__Negativibacillus	Sequencing_Run	Dec_2018	0.826344758303006	0.363852421562945	261	36	0.0288790640065947	0.102334614618512
k__Bacteria.p__Firmicutes.c__Clostridia.o__Oscillospirales.f__Ruminococcaceae.g__Anaerotruncus	Type	Mucosal	-0.208243614076806	0.0946803299330046	261	127	0.0289000532024502	0.102334614618512
k__Bacteria.p__Firmicutes.c__Clostridia.o__Oscillospirales.f__.Clostridium..methylpentosum.group.g__	Sex	Male	0.722687946835756	0.318814412258046	261	31	0.0292156385614027	0.102710005768806
k__Bacteria.p__Firmicutes.c__Clostridia.o__Lachnospirales.f__Lachnospiraceae.g__Lachnospiraceae.UCG.010	Site	Proximal_Colon	-0.163132487160198	0.0743725443765808	261	47	0.0293626984084433	0.102710005768806
k__Bacteria.p__Firmicutes.c__Negativicutes.o__Acidaminococcales.f__Acidaminococcaceae.g__Phascolarctobacterium	Site	Cecum	-0.204447711481587	0.0931958177533394	261	23	0.0293393781687398	0.102710005768806
k__Bacteria.p__Bacteroidota.c__Bacteroidia.o__Bacteroidales.f__Prevotellaceae.g__Prevotella_9	Sequencing_Run	Dec_2017	-0.324160756425081	0.143831665016954	261	7	0.0296236281464163	0.103204898058482
k__Bacteria.p__Proteobacteria.c__Gammaproteobacteria.o__Enterobacterales.f__Pasteurellaceae.g__Haemophilus	Sequencing_Run	Dec_2018	-0.383097563151383	0.169609024033294	261	4	0.029916141647269	0.103805407161608
k__Bacteria.p__Firmicutes.c__Clostridia.o__Lachnospirales.f__Defluviitaleaceae.g__Defluviitaleaceae.UCG.011	Sequencing_Run	Dec_2017	-0.958625888654233	0.426708384952607	261	32	0.0302161932043263	0.104427163714152
k__Bacteria.p__Firmicutes.c__Clostridia.o__Oscillospirales.f__Ruminococcaceae.g__Candidatus.Soleaferrea	Sequencing_Run	Dec_2017	0.449367015463862	0.201783586239394	261	30	0.0316751217119486	0.109033088283361
k__Bacteria.p__Firmicutes.c__Clostridia.o__Oscillospirales.f__Ruminococcaceae.g__Ruminococcus	Sequencing_Run	May_2018	-1.25975662771686	0.572872466596981	261	91	0.032461695738363	0.11129724253153
k__Bacteria.p__Firmicutes.c__Clostridia.o__Oscillospirales.f__Ruminococcaceae.g__.Eubacterium..siraeum.group	Sequencing_Run	Oct_2017	-1.3607450219082	0.612584311020534	261	45	0.0326544620253335	0.111515633161613
k__Bacteria.p__Bacteroidota.c__Bacteroidia.o__Bacteroidales.f__Bacteroidaceae.g__Bacteroides	Sequencing_Run	May_2018	-1.2695309099022	0.579162703493696	261	261	0.0328773988149277	0.111834931401959
k__Bacteria.p__Firmicutes.c__Bacilli.o__Lactobacillales.f__Streptococcaceae.g__Streptococcus	Sequencing_Run	Dec_2018	-0.650960074454155	0.29439214439267	261	57	0.0331941035909152	0.112469433343336
k__Bacteria.p__Actinobacteriota.c__Coriobacteriia.o__Coriobacteriales.f__Eggerthellaceae.g__Adlercreutzia	Sequencing_Run	Dec_2018	-0.731818547578328	0.325470737785353	261	33	0.0338774703572167	0.114197816747273
k__Bacteria.p__Firmicutes.c__Bacilli.o__Erysipelotrichales.f__Erysipelotrichaceae.g__Dielma	Type	Mucosal	0.167865671850476	0.0786487275345622	261	77	0.0339685635463531	0.114197816747273
k__Bacteria.p__Firmicutes.c__Clostridia.o__Oscillospirales.f__Ruminococcaceae.g__Harryflintia	Sequencing_Run	Dec_2017	0.79363051208151	0.364697922315662	261	61	0.0349874462347686	0.116931650505736
k__Bacteria.p__Verrucomicrobiota.c__Verrucomicrobiae.o__Verrucomicrobiales.f__Akkermansiaceae.g__Akkermansia	Site	Cecum	-0.449512956633291	0.211881177466469	261	193	0.0350524276400296	0.116931650505736
k__Bacteria.p__Firmicutes.c__Clostridia.o__Lachnospirales.f__Lachnospiraceae.g__.Ruminococcus..gnavus.group	Type	Mucosal	-0.224389123589554	0.105962510973316	261	105	0.0353530505850061	0.117480906559405
k__Bacteria.p__Firmicutes.c__Clostridia.o__Oscillospirales.f__Oscillospiraceae.g__Intestinimonas	Sex	Male	0.873048880091973	0.400742733171075	261	204	0.035963892863224	0.118147541573481
k__Bacteria.p__Firmicutes.c__Clostridia.o__Oscillospirales.f__Ruminococcaceae.g__UBA1819	Sequencing_Run	Dec_2018	1.06687515868551	0.491058592567069	261	202	0.0359006828683066	0.118147541573481
k__Bacteria.p__Firmicutes.c__Clostridia.o__Oscillospirales.f__Ruminococcaceae.g__Anaerotruncus	Sequencing_Run	April_2017	-1.70232990335742	0.805830195120229	261	127	0.0357287217703559	0.118147541573481
k__Bacteria.p__Firmicutes.c__Clostridia.o__Lachnospirales.f__Lachnospiraceae.g__	Sequencing_Run	May_2018	-0.9389988347898	0.437774378437581	261	180	0.0366099889770009	0.118980768399092
k__Bacteria.p__Firmicutes.c__Clostridia.o__Oscillospirales.f__Ruminococcaceae.g__Ruminococcus	Sequencing_Run	Dec_2017	-1.17196583176158	0.543660669978277	261	91	0.0366306532339798	0.118980768399092
k__Bacteria.p__Firmicutes.c__Clostridia.o__Peptostreptococcales.Tissierellales.f__Peptostreptococcaceae.g__Romboutsia	Sequencing_Run	Dec_2017	1.50707828690112	0.696137625144487	261	57	0.0364052407950792	0.118980768399092
k__Bacteria.p__Bacteroidota.c__Bacteroidia.o__Bacteroidales.f__Prevotellaceae.g__Prevotella_9	Type	Mucosal	0.13727873122601	0.0653733741118537	261	7	0.0368955082456858	0.119392206457949
k__Bacteria.p__Firmicutes.c__Bacilli.o__Lactobacillales.f__Lactobacillaceae.g__Lactobacillus	Sequencing_Run	Dec_2018	-0.446337704854375	0.202764786090648	261	23	0.0372991685930701	0.120248065911987
k__Bacteria.p__Firmicutes.c__Clostridia.o__Oscillospirales.f__.Eubacterium..coprostanoligenes.group.g__	Type	Mucosal	0.14907203311688	0.0712996468370378	261	56	0.0377174640613099	0.121144568583538
k__Bacteria.p__Firmicutes.c__Clostridia.o__Eubacteriales.f__Eubacteriaceae.g__Eubacterium	Sequencing_Run	Oct_2017	-0.927208697268419	0.433131242541639	261	33	0.0391702078447397	0.125344665103167
k__Bacteria.p__Firmicutes.c__Clostridia.o__Lachnospirales.f__Defluviitaleaceae.g__Defluviitaleaceae.UCG.011	Sequencing_Run	Oct_2017	-1.20794854170885	0.567449833627549	261	32	0.0398528945055442	0.127058674733543
k__Bacteria.p__Firmicutes.c__Clostridia.o__Oscillospirales.f__Oscillospiraceae.g__Colidextribacter	Sequencing_Run	April_2017	1.4946790409686	0.72592781716791	261	190	0.040688125423014	0.129244633696633
k__Bacteria.p__Bacteroidota.c__Bacteroidia.o__Bacteroidales.f__Muribaculaceae.g__	Sequencing_Run	May_2018	-0.352538157681915	0.167626625201764	261	18	0.0412812214753978	0.130078236532865
k__Bacteria.p__Firmicutes.c__Clostridia.o__Oscillospirales.f__Oscillospiraceae.g__Intestinimonas	Sequencing_Run	April_2017	-1.70885646404145	0.831646222000624	261	204	0.0411187061770534	0.130078236532865
k__Bacteria.p__Firmicutes.c__Clostridia.o__Oscillospirales.f__Ethanoligenenaceae.g__Acetanaerobacterium	Type	Mucosal	0.123596389905818	0.0602402135413307	261	13	0.0414022164890486	0.130078236532865
k__Bacteria.p__Firmicutes.c__Clostridia.o__Oscillospirales.f__Ruminococcaceae.g__Fournierella	Sequencing_Run	April_2017	-1.22122503177883	0.597553219023607	261	102	0.0421981588778	0.131621694117037
k__Bacteria.p__Bacteroidota.c__Bacteroidia.o__Bacteroidales.f__Bacteroidaceae.g__Bacteroides	Site	Proximal_Colon	0.332967665308209	0.162873609029494	261	261	0.0421541208145495	0.131621694117037
k__Bacteria.p__Bacteroidota.c__Bacteroidia.o__Bacteroidales.f__Prevotellaceae.g__Prevotella_9	Sequencing_Run	Oct_2017	0.369743411827736	0.175935167417873	261	7	0.0424384012954515	0.131894887479389
k__Bacteria.p__Firmicutes.c__Bacilli.o__Staphylococcales.f__Staphylococcaceae.g__Staphylococcus	Sequencing_Run	Oct_2017	0.403214911784674	0.192347350856669	261	19	0.0427212742717302	0.132298139680197
k__Bacteria.p__Bacteroidota.c__Bacteroidia.o__Bacteroidales.f__Muribaculaceae.g__	Type	Mucosal	0.145626397092524	0.071559163250227	261	18	0.0430771577441516	0.132923801039096
k__Bacteria.p__Firmicutes.c__Clostridia.o__Lachnospirales.f__Lachnospiraceae.g__Hungatella	Sequencing_Run	April_2017	2.58744652481449	1.27264963861218	261	247	0.0432610827667012	0.133016282955266
k__Bacteria.p__Proteobacteria.c__Gammaproteobacteria.o__Enterobacterales.f__Morganellaceae.g__Proteus	Sex	Male	0.671509720746189	0.322371037931955	261	33	0.043498316233044	0.133271436969326
k__Bacteria.p__Firmicutes.c__Clostridia.o__Lachnospirales.f__Lachnospiraceae.g__Murimonas	Sequencing_Run	Dec_2017	1.39306692917356	0.670764283248746	261	64	0.0441772235628174	0.134873219640545
k__Bacteria.p__Firmicutes.c__Clostridia.o__Lachnospirales.f__Lachnospiraceae.g__Agathobacter	Sequencing_Run	Dec_2017	-0.467084112877471	0.224995937909008	261	21	0.0449468930340594	0.136528381034775
k__Bacteria.p__Firmicutes.c__Bacilli.o__Lactobacillales.f__Lactobacillaceae.g__Lactobacillus	Type	Mucosal	0.170555484365706	0.0845577880615117	261	23	0.0450354034663321	0.136528381034775
k__Bacteria.p__Proteobacteria.c__Gammaproteobacteria.o__Enterobacterales.f__Enterobacteriaceae.g__Escherichia.Shigella	Sequencing_Run	Dec_2018	-1.78698192874298	0.869908263724341	261	236	0.0466716918159294	0.140602105855879
k__Bacteria.p__Firmicutes.c__Clostridia.o__Lachnospirales.f__Lachnospiraceae.g__.Ruminococcus..torques.group	Sequencing_Run	Dec_2018	1.8540424877788	0.902758361568553	261	130	0.0467046346998116	0.140602105855879
k__Bacteria.p__Firmicutes.c__Bacilli.o__Lactobacillales.f__Enterococcaceae.g__Enterococcus	Sequencing_Run	Dec_2017	-0.353800443997507	0.173386944609332	261	16	0.0478951856946293	0.143685557083888
k__Bacteria.p__Firmicutes.c__Clostridia.o__Lachnospirales.f__Lachnospiraceae.g__Blautia	Sequencing_Run	May_2018	-1.0362684395312	0.513321090349208	261	249	0.0486405476542142	0.145416723782841
k__Bacteria.p__Actinobacteriota.c__Coriobacteriia.o__Coriobacteriales.f__Eggerthellaceae.g__Adlercreutzia	Sequencing_Run	May_2018	-0.629830900949157	0.309088061009743	261	33	0.049618990675822	0.14732236406842
k__Bacteria.p__Firmicutes.c__Clostridia.o__Lachnospirales.f__Lachnospiraceae.g__.Eubacterium..xylanophilum.group	Sequencing_Run	Dec_2017	-0.54691270232673	0.269673873929255	261	41	0.0494638090843539	0.14732236406842
k__Bacteria.p__Firmicutes.c__Bacilli.o__Lactobacillales.f__Enterococcaceae.g__Enterococcus	Sex	Male	0.328312287688678	0.162172289408951	261	16	0.0500467439101459	0.147578111735038
k__Bacteria.p__Firmicutes.c__Clostridia.o__Monoglobales.f__Monoglobaceae.g__Monoglobus	Sequencing_Run	Dec_2017	1.01725458502316	0.504476662429141	261	91	0.0499252137991054	0.147578111735038
k__Bacteria.p__Firmicutes.c__Clostridia.o__Oscillospirales.f__Oscillospiraceae.g__Oscillibacter	Sequencing_Run	April_2017	1.85236017733912	0.944002627473029	261	221	0.0510091805198288	0.149904530507252
k__Bacteria.p__Firmicutes.c__Clostridia.o__Lachnospirales.f__Lachnospiraceae.g__Lachnospiraceae.UCG.010	Sequencing_Run	Dec_2018	-1.2271878697958	0.610333771288709	261	47	0.0513388927599489	0.150362045235918
k__Bacteria.p__Firmicutes.c__Clostridia.o__Lachnospirales.f__Lachnospiraceae.g__Eisenbergiella	Type	Mucosal	-0.26504143027636	0.136059126062941	261	223	0.0527052599339456	0.153842380347733
k__Bacteria.p__Firmicutes.c__Clostridia.o__Oscillospirales.f__Ruminococcaceae.g__Negativibacillus	Sequencing_Run	April_2017	-0.800860283224276	0.4137296353485	261	36	0.0542242736806466	0.157743341616427
k__Bacteria.p__Firmicutes.c__Clostridia.o__Oscillospirales.f__Ruminococcaceae.g__Anaerotruncus	Sequencing_Run	Dec_2018	0.53815602499689	0.271841199913116	261	127	0.0548559150191456	0.159045337505174
k__Bacteria.p__Firmicutes.c__Clostridia.o__Monoglobales.f__Monoglobaceae.g__Monoglobus	Sequencing_Run	May_2018	1.03868320937656	0.532084998445036	261	91	0.0564730444255286	0.163186322353367
k__Bacteria.p__Firmicutes.c__Clostridia.o__Oscillospirales.f__.Clostridium..methylpentosum.group.g__	Sequencing_Run	Oct_2017	0.848496802504833	0.431270965196076	261	31	0.0568075987459487	0.163577937456515
k__Bacteria.p__Firmicutes.c__Clostridia.o__Lachnospirales.f__Lachnospiraceae.g__Roseburia	Sequencing_Run	Oct_2017	-1.7714398373257	0.903089509423239	261	82	0.0569872212666794	0.163577937456515
k__Bacteria.p__Firmicutes.c__Clostridia.o__Peptostreptococcales.Tissierellales.f__Peptostreptococcaceae.g__Clostridioides	Sequencing_Run	May_2018	-0.94269545375367	0.484651690521864	261	32	0.057249982574673	0.163788029617608
k__Bacteria.p__Actinobacteriota.c__Coriobacteriia.o__Coriobacteriales.f__Eggerthellaceae.g__Adlercreutzia	Type	Mucosal	-0.132572010435889	0.0694175453347853	261	33	0.0576067474545592	0.164264784820921
k__Bacteria.p__Firmicutes.c__Clostridia.o__Lachnospirales.f__Lachnospiraceae.g__.Eubacterium..hallii.group	Sequencing_Run	Dec_2017	-0.513123672414397	0.263101963821067	261	19	0.0590293443694589	0.167767610313199
k__Bacteria.p__Firmicutes.c__Clostridia.o__Eubacteriales.f__Eubacteriaceae.g__Eubacterium	Sequencing_Run	April_2017	-0.850222909921461	0.451203466108641	261	33	0.0608898808292288	0.172488055857225
k__Bacteria.p__Firmicutes.c__Clostridia.o__Lachnospirales.f__Lachnospiraceae.g__	Type	Mucosal	0.181023529254629	0.0963954128305242	261	180	0.0617295733291764	0.173956895844213
k__Bacteria.p__Firmicutes.c__Bacilli.o__Lactobacillales.f__Streptococcaceae.g__Streptococcus	Sequencing_Run	May_2018	0.58440882379337	0.305209853346747	261	57	0.0618110729446451	0.173956895844213
k__Bacteria.p__Firmicutes.c__Clostridia.o__Lachnospirales.f__Lachnospiraceae.g__.Eubacterium..eligens.group	Sequencing_Run	May_2018	-1.00487082166792	0.526330734462503	261	60	0.0620600319347234	0.17409047919351
k__Bacteria.p__Firmicutes.c__Clostridia.o__Oscillospirales.f__.Clostridium..methylpentosum.group.g__	Sequencing_Run	April_2017	-0.800330405976967	0.427110489903038	261	31	0.0623319958490677	0.174287522374092
k__Bacteria.p__Firmicutes.c__Clostridia.o__Lachnospirales.f__Lachnospiraceae.g__.Eubacterium..fissicatena.group	Sex	Male	0.549739341332449	0.288011360567464	261	131	0.063422625741185	0.176764995614141
k__Bacteria.p__Firmicutes.c__Clostridia.o__Oscillospirales.f__Ruminococcaceae.g__Fournierella	Sequencing_Run	Oct_2017	0.889810205279373	0.466717088398144	261	102	0.0640637010792487	0.17743497758932
k__Bacteria.p__Desulfobacterota.c__Desulfovibrionia.o__Desulfovibrionales.f__Desulfovibrionaceae.g__Bilophila	Sequencing_Run	Dec_2018	1.11448333293226	0.579045439341887	261	38	0.0640737419072545	0.17743497758932
k__Bacteria.p__Firmicutes.c__Clostridia.o__Lachnospirales.f__Lachnospiraceae.g__Dorea	Sequencing_Run	May_2018	0.599497692858892	0.316910574141556	261	35	0.0643871693021997	0.1777332724508
k__Bacteria.p__Firmicutes.c__Clostridia.o__Peptococcales.f__Peptococcaceae.g__	Sequencing_Run	May_2018	-1.09036130711201	0.575195824650428	261	46	0.064639230551567	0.177860812727879
k__Bacteria.p__Firmicutes.c__Clostridia.o__Oscillospirales.f__Ethanoligenenaceae.g__Acetanaerobacterium	Sequencing_Run	Dec_2017	0.31082991922133	0.164321424866003	261	13	0.065531685342773	0.179744051225892
k__Bacteria.p__Firmicutes.c__Clostridia.o__Oscillospirales.f__Ruminococcaceae.g__Fournierella	Sequencing_Run	Dec_2018	0.785111603806578	0.414998514077659	261	102	0.0659930347075927	0.180436651858735
k__Bacteria.p__Firmicutes.c__Clostridia.o__Peptostreptococcales.Tissierellales.f__Peptostreptococcaceae.g__Romboutsia	Type	Mucosal	0.111775589149312	0.060960200298057	261	57	0.068112215604941	0.185643388904319
k__Bacteria.p__Firmicutes.c__Bacilli.o__Lactobacillales.f__Streptococcaceae.g__Streptococcus	Sex	Male	0.470410760063431	0.251003962258881	261	57	0.0685234848187598	0.18617701535663
k__Bacteria.p__Firmicutes.c__Clostridia.o__Oscillospirales.f__.Eubacterium..coprostanoligenes.group.g__	Site	Cecum	-0.155747767901682	0.0853570792119233	261	56	0.0694577720170068	0.188123871544495
k__Bacteria.p__Firmicutes.c__Clostridia.o__Oscillospirales.f__Ruminococcaceae.g__Anaerotruncus	Sequencing_Run	Dec_2017	-0.457945785411122	0.246587613417383	261	127	0.0701361553274756	0.189367619384184
k__Bacteria.p__Firmicutes.c__Clostridia.o__Lachnospirales.f__Lachnospiraceae.g__Lachnospiraceae.UCG.009	Sequencing_Run	May_2018	1.38545161435966	0.749855815517361	261	166	0.0704157314872016	0.189530193161814
k__Bacteria.p__Firmicutes.c__Clostridia.o__Lachnospirales.f__Lachnospiraceae.g__Lachnospiraceae.UCG.010	Sequencing_Run	Oct_2017	1.27782261227872	0.687365025079545	261	47	0.0706428103013212	0.189550894721558
k__Bacteria.p__Firmicutes.c__Clostridia.o__Oscillospirales.f__Ruminococcaceae.g__Paludicola	Sequencing_Run	May_2018	-0.9004222523759	0.489411137493045	261	114	0.0717448406192426	0.191207373714799
k__Bacteria.p__Firmicutes.c__Bacilli.o__Erysipelotrichales.f__Erysipelotrichaceae.g__Dielma	Sex	Male	-1.07689995946028	0.580162724051445	261	77	0.0716369106667201	0.191207373714799
k__Bacteria.p__Firmicutes.c__Clostridia.o__Lachnospirales.f__Lachnospiraceae.g__Lachnospiraceae.UCG.010	Sequencing_Run	May_2018	-0.981140021243496	0.532526084649666	261	47	0.0719240699737381	0.191207373714799
k__Bacteria.p__Firmicutes.c__Clostridia.o__Oscillospirales.f__.Eubacterium..coprostanoligenes.group.g__	Sequencing_Run	May_2018	-0.801934843385985	0.438324538308216	261	56	0.073301180060344	0.19427061218447
k__Bacteria.p__Firmicutes.c__Clostridia.o__Oscillospirales.f__Oscillospiraceae.g__Oscillibacter	Sequencing_Run	Dec_2018	-1.01202433563652	0.552531803852905	261	221	0.0746072639500953	0.197127449703004
k__Bacteria.p__Firmicutes.c__Clostridia.o__Oscillospirales.f__Ruminococcaceae.g__Paludicola	Sequencing_Run	Dec_2017	-0.8510834990081	0.466379825284466	261	114	0.0748988541826014	0.197294542724901
k__Bacteria.p__Proteobacteria.c__Gammaproteobacteria.o__Enterobacterales.f__Pasteurellaceae.g__Haemophilus	Type	Mucosal	0.106426944023887	0.0596448132470145	261	4	0.0757736853530305	0.198992292234098
k__Bacteria.p__Firmicutes.c__Clostridia.o__Oscillospirales.f__.Eubacterium..coprostanoligenes.group.g__	Sequencing_Run	Oct_2017	0.989448322333549	0.54490324839501	261	56	0.0771161340425144	0.201904060038583
k__Bacteria.p__Firmicutes.c__Clostridia.o__Oscillospirales.f__Ethanoligenenaceae.g__Acetanaerobacterium	Sequencing_Run	Oct_2017	0.368443341351862	0.203516800906777	261	13	0.0784203670526817	0.204698480765912
k__Bacteria.p__Firmicutes.c__Clostridia.o__Oscillospirales.f__Ruminococcaceae.g__Subdoligranulum	Type	Mucosal	-0.179903168764589	0.102035965061847	261	78	0.0793107507255131	0.206314190645174
k__Bacteria.p__Proteobacteria.c__Gammaproteobacteria.o__Burkholderiales.f__Neisseriaceae.g__Neisseria	Sequencing_Run	Dec_2018	-0.381618871251332	0.211956033139201	261	26	0.0795169276444942	0.206314190645174
k__Bacteria.p__Firmicutes.c__Clostridia.o__Oscillospirales.f__Ruminococcaceae.g__Incertae.Sedis	Sequencing_Run	April_2017	1.64626501102932	0.939944612708027	261	159	0.0812450675719699	0.210166881383778
k__Bacteria.p__Bacteroidota.c__Bacteroidia.o__Bacteroidales.f__Prevotellaceae.g__Prevotella_9	Sequencing_Run	April_2017	-0.96659468947425	0.552753848165544	261	7	0.0816558419603291	0.210598947623058
k__Bacteria.p__Actinobacteriota.c__Coriobacteriia.o__Coriobacteriales.f__Coriobacteriaceae.g__Collinsella	Sequencing_Run	Dec_2018	-0.7123972095094	0.394323746185713	261	25	0.0821084558210662	0.21113602925417
k__Bacteria.p__Firmicutes.c__Clostridia.o__Oscillospirales.f__Oscillospiraceae.g__	Type	Mucosal	-0.196293655124048	0.112663881955548	261	150	0.0828749979181311	0.211624393648432
k__Bacteria.p__Firmicutes.c__Clostridia.o__Peptostreptococcales.Tissierellales.f__Anaerovoracaceae.g__.Eubacterium..nodatum.group	Site	Proximal_Colon	0.138245056530619	0.0793719300318269	261	31	0.0830331822301139	0.211624393648432
k__Bacteria.p__Firmicutes.c__Bacilli.o__Erysipelotrichales.f__Erysipelotrichaceae.g__Faecalitalea	Sequencing_Run	April_2017	-0.827510786943697	0.475128200068238	261	28	0.0830187562672901	0.211624393648432
k__Bacteria.p__Firmicutes.c__Clostridia.o__Peptostreptococcales.Tissierellales.f__Anaerovoracaceae.g__.Eubacterium..nodatum.group	Type	Mucosal	-0.11383494822865	0.065435675611881	261	31	0.0833643966070905	0.211843643142724
k__Bacteria.p__Firmicutes.c__Bacilli.o__Erysipelotrichales.f__Erysipelatoclostridiaceae.g__Erysipelatoclostridium	Sex	Male	-1.03040626566011	0.576300316245057	261	164	0.0843299714425093	0.213668901250229
k__Bacteria.p__Firmicutes.c__Clostridia.o__Oscillospirales.f__Oscillospiraceae.g__UCG.003	Sequencing_Run	Dec_2018	1.07011045070455	0.605329783577524	261	41	0.0850757341582992	0.214928170505177
k__Bacteria.p__Actinobacteriota.c__Coriobacteriia.o__Coriobacteriales.f__Coriobacteriaceae.g__Collinsella	Sequencing_Run	April_2017	-0.938856642126175	0.543415467015221	261	25	0.0855864519218413	0.215588030497
k__Bacteria.p__Firmicutes.c__Bacilli.o__Staphylococcales.f__Staphylococcaceae.g__Staphylococcus	Sequencing_Run	April_2017	-1.25004295976106	0.727833407407764	261	19	0.0871629830984671	0.217040969632839
k__Bacteria.p__Firmicutes.c__Clostridia.o__Lachnospirales.f__Lachnospiraceae.g__Tuzzerella	Site	Cecum	-0.153852065193808	0.0893867279173417	261	123	0.0866790650409414	0.217040969632839
k__Bacteria.p__Firmicutes.c__Clostridia.o__Lachnospirales.f__Lachnospiraceae.g__Lachnospiraceae.NK4A136.group	Sequencing_Run	April_2017	2.3534238896859	1.36908726295529	261	178	0.087069504071427	0.217040969632839
k__Bacteria.p__Firmicutes.c__Clostridia.o__Lachnospirales.f__Lachnospiraceae.g__Lactonifactor	Sequencing_Run	Oct_2017	0.465536246844616	0.265331542085749	261	27	0.0876704842614129	0.217040969632839
k__Bacteria.p__Firmicutes.c__Bacilli.o__Erysipelotrichales.f__Erysipelatoclostridiaceae.g__Coprobacillus	Sequencing_Run	Oct_2017	1.14247889048015	0.649947243057613	261	101	0.0872484277775324	0.217040969632839
k__Bacteria.p__Proteobacteria.c__Gammaproteobacteria.o__Burkholderiales.f__Neisseriaceae.g__Neisseria	Sequencing_Run	Oct_2017	0.416578993031332	0.237565297927342	261	26	0.0874616764057578	0.217040969632839
k__Bacteria.p__Firmicutes.c__Clostridia.o__Lachnospirales.f__Lachnospiraceae.g__Eisenbergiella	Sequencing_Run	April_2017	1.997297965817	1.16524133707709	261	223	0.0879383581453848	0.217082118393178
k__Bacteria.p__Firmicutes.c__Clostridia.o__Lachnospirales.f__Lachnospiraceae.g__Dorea	Sequencing_Run	April_2017	-0.805881380487896	0.477576108896646	261	35	0.0929709275326043	0.228851513926411
k__Bacteria.p__Bacteroidota.c__Bacteroidia.o__Bacteroidales.f__Muribaculaceae.g__	Sequencing_Run	Oct_2017	0.31111828484342	0.18054695285738	261	18	0.0936193768373195	0.229142044157065
k__Bacteria.p__Firmicutes.c__Bacilli.o__Lactobacillales.f__Streptococcaceae.g__Streptococcus	Site	Cecum	-0.262376137017562	0.155778560820759	261	57	0.0935966921939369	0.229142044157065
k__Bacteria.p__Proteobacteria.c__Gammaproteobacteria.o__Burkholderiales.f__Sutterellaceae.g__Parasutterella	Sequencing_Run	Dec_2018	-0.9462773597851	0.554882888424913	261	49	0.09689268617341	0.236483844219848
k__Bacteria.p__Firmicutes.c__Clostridia.o__Lachnospirales.f__Lachnospiraceae.g__	Sequencing_Run	Dec_2018	-0.785701499501285	0.462433850281733	261	180	0.0971988126688397	0.236562744072894
k__Bacteria.p__Firmicutes.c__Clostridia.o__Lachnospirales.f__Lachnospiraceae.g__Anaerostipes	Sequencing_Run	April_2017	-2.11586983337953	1.27137584134518	261	137	0.0975839211575999	0.236832887303838
k__Bacteria.p__Firmicutes.c__Clostridia.o__Eubacteriales.f__Eubacteriaceae.g__Eubacterium	Sex	Male	-0.54388408390036	0.320509917512386	261	33	0.0980244733860952	0.23723570029576
k__Bacteria.p__Firmicutes.c__Clostridia.o__Oscillospirales.f__Ethanoligenenaceae.g__Acetanaerobacterium	Sequencing_Run	April_2017	-0.846969737132288	0.51335947314016	261	13	0.1003633299378	0.242217645436479
k__Bacteria.p__Firmicutes.c__Clostridia.o__Peptostreptococcales.Tissierellales.f__Peptostreptococcaceae.g__Romboutsia	Sequencing_Run	Dec_2018	1.38739389400078	0.826900494886624	261	57	0.101486893370316	0.24424700799987
k__Bacteria.p__Firmicutes.c__Clostridia.o__Oscillospirales.f__Ruminococcaceae.g__Subdoligranulum	Site	Cecum	-0.199886708207355	0.122082296940364	261	78	0.103066289046991	0.246567281381479
k__Bacteria.p__Firmicutes.c__Clostridia.o__Lachnospirales.f__Lachnospiraceae.g__Cuneatibacter	Sex	Male	0.449252801429424	0.269446931554349	261	56	0.103307124838073	0.246567281381479
k__Bacteria.p__Firmicutes.c__Clostridia.o__Oscillospirales.f__Oscillospiraceae.g__UCG.003	Site	Proximal_Colon	0.123514239684912	0.075379997888682	261	41	0.102794508193587	0.246567281381479
k__Bacteria.p__Firmicutes.c__Clostridia.o__Peptostreptococcales.Tissierellales.f__Peptostreptococcaceae.g__Romboutsia	Sequencing_Run	April_2017	-0.84897521666319	0.521128113062066	261	57	0.104773441809455	0.249378109430769
k__Bacteria.p__Firmicutes.c__Bacilli.o__Erysipelotrichales.f__Erysipelatoclostridiaceae.g__Coprobacillus	Sequencing_Run	April_2017	-0.975734774732156	0.599450937464309	261	101	0.105076329173548	0.249411946170179
